Butterfly_ID	Species	Sex	EcloseMass	StdEcloseMass	10DayMass	MassChange10days	PropMassChange	WinterDestiny	WinterDestiny	Survival	Strategy	Daily_Mass_Loss	Prop_Mass_Loss
1	V_cardui	female	250.1	0.955277281	166.7	-83.4	-0.333466613	Dead	0	7	Direct	-6.385714286	-0.038306624
2	V_cardui	male	255.1	1	180.9	-74.2	-0.290866327	Dead	0	4	Direct	-10.75	-0.059425097
4	V_cardui	female	212.9	0.62254025	202.7	-10.2	-0.047909817	Dead	0	4	Direct	-9.625	-0.047483966
6	V_cardui	female	199	0.498211091	201.3	2.3	0.011557789	Dead	0	4	Direct	-7.6	-0.037754595
7	V_cardui	female	168.8	0.228085868	204.2	35.4	0.20971564	Dead	0	3	Direct	-14.93333333	-0.073130917
8	V_cardui	male	188.6	0.405187835	204.5	15.9	0.084305408	Dead	0	9	Direct	-7.9	-0.038630807
9	V_cardui	male	239.3	0.858676208	192.2	-47.1	-0.19682407	Dead	0	12	Direct	-4.525	-0.023543184
11	V_cardui	male	200.5	0.511627907	156.4	-44.1	-0.219950125	Dead	0	4	Direct	-8.825	-0.056425831
12	V_cardui	female	168.7	0.227191413	131.9	-36.8	-0.218138708	Dead	0	3	Direct	-6.966666667	-0.052817791
13	V_cardui	male	167	0.211985689	125.2	-41.8	-0.250299401	Dead	0	3	Direct	-5.466666667	-0.043663472
14	V_cardui	male	143.3	0	160.3	17	0.11863224	Dead	0	10	Direct	-6.32	-0.039426076
16	V_cardui	male	158.4	0.135062612	172.6	14.2	0.089646465	Dead	0	13	Direct	-3.438461538	-0.019921562
17	V_cardui	female	147.8	0.040250447	185	37.2	0.251691475	Dead	0	4	Direct	-11.275	-0.060945946
19	V_cardui	male	176	0.292486583	181.9	5.9	0.033522727	Dead	0	7	Direct	-8.385714286	-0.046100683
20	V_cardui	male	189.5	0.413237925	173	-16.5	-0.08707124	Dead	0	7	Direct	-6.585714286	-0.038067713
21	V_cardui	female	199.8	0.505366726	215.2	15.4	0.077077077	Dead	0	4	Direct	-11	-0.051115242
22	V_cardui	male	185	0.372987478	158.7	-26.3	-0.142162162	Dead	0	16	Direct	-2.25625	-0.014217076
24	V_cardui	female	176.1	0.293381038	162.8	-13.3	-0.07552527	Dead	0	4	Direct	-9.25	-0.056818182
25	V_cardui	female	197.6	0.48568873	216	18.4	0.093117409	Dead	0	11	Direct	-4.645454545	-0.021506734
101	V_atalanta	female	230	0.487843552	240.5	10.5	0.045652174	Dead	0	15	Direct	-5.433333333	-0.022591823
102	V_atalanta	female	159.4	0.114693446	171.1	11.7	0.073400251	Dead	0	10	Direct	-6.06	-0.035417884
103	V_atalanta	female	197.6	0.316596195	181.1	-16.5	-0.083502024	Dead	0	9	Direct	-5.977777778	-0.03300816
104	V_atalanta	male	221.3	0.441860465	225.9	4.6	0.020786263	Dead	0	11	Direct	-8.954545455	-0.039639422
105	V_atalanta	male	156.8	0.100951374	158.4	1.6	0.010204082	Dead	0	9	Direct	-7.988888889	-0.050434905
106	V_atalanta	female	178.9	0.217758985	185.4	6.5	0.036333147	Dead	0	9	Direct	-5.244444444	-0.028287187
107	V_atalanta	female	232.1	0.498942918	242	9.9	0.042654028	Dead	0	10	Direct	-7.69	-0.03177686
108	V_atalanta	male	257.7	0.634249471	223	-34.7	-0.134652697	Dead	0	11	Direct	-6.963636364	-0.031227069
109	V_atalanta	male	158.4	0.109408034	191.3	32.9	0.20770202	Dead	0	20	Direct	-4.89	-0.025561945
110	V_atalanta	male	185.4	0.252114165	196.4	11	0.059331176	Dead	0	12	Direct	-5.933333333	-0.030210455
111	V_atalanta	female	244	0.561839323	181.2	-62.8	-0.257377049	Dead	0	12	Direct	-6.633333333	-0.0366078
112	V_atalanta	female	161.2	0.124207188	160.2	-1	-0.006203474	Dead	0	9	Direct	-6.266666667	-0.039117769
115	V_atalanta	male	169.2	0.166490486	170.3	1.1	0.006501182	Dead	0	9	Direct	-7.644444444	-0.044888106
116	V_atalanta	female	215	0.408562368	239.6	24.6	0.114418605	Dead	0	13	Direct	-5.930769231	-0.024752793
117	V_atalanta	female	300.3	0.859408034	242.6	-57.7	-0.192141192	Dead	0	10	Direct	-6.19	-0.025515251
118	V_atalanta	female	177.3	0.209302326	179.5	2.2	0.012408347	Dead	0	9	Direct	-7.922222222	-0.044134943
119	V_atalanta	female	186.3	0.256871036	204.1	17.8	0.09554482	Dead	0	14	Direct	-5.107142857	-0.025022748
120	V_atalanta	male	299.1	0.853065539	252.9	-46.2	-0.15446339	Dead	0	19	Direct	-4.915789474	-0.019437681
121	V_atalanta	male	307.1	0.895348837	234	-73.1	-0.238033214	Dead	0	11	Direct	-4.854545455	-0.020745921
122	V_atalanta	female	264.8	0.671775899	241.5	-23.3	-0.087990937	Dead	0	11	Direct	-4.663636364	-0.019311124
123	V_atalanta	female	137.7	0	149.8	12.1	0.087872186	Dead	0	11	Direct	-4.3	-0.02870494
124	V_atalanta	male	326.9	1	301	-25.9	-0.079229122	Dead	0	13	Direct	-7.715384615	-0.025632507
125	V_atalanta	female	310.4	0.912790698	299.1	-11.3	-0.036404639	Dead	0	11	Direct	-7.409090909	-0.024771284
201	P_c-a_H	female	163.3	0.693565976	168.3	5	0.030618494	Dead	0	20	Direct	-4.215	-0.025044563
203	P_c-a_H	male	143.6	0.478735005	92.2	-51.4	-0.357938719	Dead	0	6	Direct	-4	-0.043383948
204	P_c-a_H	female	115.9	0.176663032	101	-14.9	-0.128559103	Dead	0	20	Direct	-1.455	-0.014405941
205	P_c-a_H	female	122.1	0.244274809	76.3	-45.8	-0.375102375	Dead	0	6	Direct	-3.583333333	-0.04696374
206	P_c-a_H	female	125	0.275899673	80.7	-44.3	-0.3544	Dead	0	12	Direct	-1.716666667	-0.021272202
207	P_c-a_H	male	153.2	0.583424209	102.1	-51.1	-0.333550914	Dead	0	6	Direct	-5.1	-0.049951028
208	P_c-a_H	male	154.5	0.597600872	97.3	-57.2	-0.370226537	Dead	0	6	Direct	-3.866666667	-0.039739637
209	P_c-a_H	female	166.1	0.724100327	110	-56.1	-0.337748344	Dead	0	12	Direct	-2.308333333	-0.020984848
210	P_c-a_H	female	143.4	0.47655398	102.6	-40.8	-0.284518828	Dead	0	16	Direct	-1.4375	-0.014010721
211	P_c-a_H	male	191.4	1	108.2	-83.2	-0.434691745	Dead	0	8	Direct	-3.4	-0.03142329
212	P_c-a_H	female	128.2	0.310796074	136.7	8.5	0.066302652	Dead	0	20	Direct	-2.4	-0.017556693
213	P_c-a_H	male	173.3	0.80261723	137.6	-35.7	-0.206001154	Dead	0	10	Direct	-5.05	-0.036700581
214	P_c-a_H	female	141.9	0.460196292	102.7	-39.2	-0.276250881	Dead	0	6	Direct	-2.216666667	-0.021583901
215	P_c-a_H	male	170.1	0.767720829	123.4	-46.7	-0.274544386	Dead	0	6	Direct	-7.016666667	-0.056861156
216	P_c-a_H	male	173.4	0.803707743	125.1	-48.3	-0.278546713	Dead	0	12	Direct	-3.175	-0.025379696
217	P_c-a_H	female	99.7	0	82.6	-17.1	-0.171514544	Dead	0	6	Direct	-4.3	-0.052058111
218	P_c-a_H	male	125.7	0.283533261	101.1	-24.6	-0.195704057	Dead	0	16	Direct	-1.925	-0.019040554
219	P_c-a_H	male	134.5	0.379498364	97.8	-36.7	-0.272862454	Dead	0	6	Direct	-4.933333333	-0.050443081
220	P_c-a_H	male	178.6	0.860414395	144.1	-34.5	-0.193169093	Dead	0	10	Direct	-5.11	-0.035461485
221	P_c-a_H	female	145.7	0.501635769	145	-0.7	-0.004804393	Dead	0	10	Direct	-4.6	-0.031724138
222	P_c-a_H	female	135	0.384950927	115	-20	-0.148148148	Dead	0	20	Direct	-1.445	-0.012565217
224	P_c-a_H	female	126	0.286804798	113.8	-12.2	-0.096825397	Dead	0	20	Direct	-2.185	-0.019200351
226	P_c-a_H	male	127.9	0.307524537	91.8	-36.1	-0.282251759	Dead	0	20	Direct	-1.325	-0.014433551
227	P_c-a_H	female	144.1	0.484187568	142.7	-1.4	-0.009715475	Dead	0	20	Direct	-2.535	-0.017764541
301	P_c-a_W	female	171.9	0.913612565	217.9	46	0.26759744	Alive	1	20	Diapause	-1.815	-0.008329509
302	P_c-a_W	female	167.2	0.852094241	215.6	48.4	0.289473684	Alive	1	20	Diapause	-2.34	-0.010853432
303	P_c-a_W	female	148	0.60078534	177.3	29.3	0.197972973	Dead	0	20	Diapause	-3.655	-0.020614777
304	P_c-a_W	female	138.1	0.471204188	203	64.9	0.469949312	Alive	1	20	Diapause	-1.84	-0.009064039
305	P_c-a_W	male	144.5	0.554973822	197.6	53.1	0.367474048	Alive	1	20	Diapause	-1.76	-0.008906883
306	P_c-a_W	female	151.4	0.645287958	223	71.6	0.472919419	Alive	1	20	Diapause	-2.165	-0.00970852
307	P_c-a_W	female	125.6	0.307591623	166.8	41.2	0.328025478	Alive	1	20	Diapause	-1.775	-0.010641487
308	P_c-a_W	female	134.1	0.418848168	145	10.9	0.081282625	Alive	1	20	Diapause	-1.58	-0.010896552
309	P_c-a_W	female	122	0.260471204	146.3	24.3	0.199180328	Dead	0	20	Diapause	-2.99	-0.020437457
310	P_c-a_W	female	142.5	0.528795812	233.8	91.3	0.640701754	Alive	1	20	Diapause	-3.07	-0.013130881
311	P_c-a_W	male	159.1	0.746073298	160.2	1.1	0.006913891	Dead	0	13	Diapause	-5.323076923	-0.033227696
312	P_c-a_W	female	102.1	0	157.1	55	0.538687561	Alive	1	20	Diapause	-2.175	-0.013844685
313	P_c-a_W	male	178.5	1	221	42.5	0.238095238	Alive	1	20	Diapause	-2.02	-0.009140271
314	P_c-a_W	female	172.3	0.918848168	193.4	21.1	0.122460824	Alive	1	20	Diapause	-2.345	-0.012125129
315	P_c-a_W	male	160.4	0.763089005	163.2	2.8	0.017456359	Dead	0	13	Diapause	-5.453846154	-0.033418175
316	P_c-a_W	male	144.4	0.553664921	163.6	19.2	0.132963989	Alive	1	20	Diapause	-3.21	-0.019621027
317	P_c-a_W	female	136.3	0.447643979	212.9	76.6	0.561995598	Alive	1	20	Diapause	-2.895	-0.013597933
318	P_c-a_W	male	173.6	0.935863874	210.5	36.9	0.212557604	Alive	1	20	Diapause	-2.515	-0.011947743
319	P_c-a_W	female	151.9	0.651832461	227.4	75.5	0.497037525	Alive	1	20	Diapause	-3.145	-0.013830255
320	P_c-a_W	male	146.5	0.581151832	161.8	15.3	0.10443686	Alive	1	20	Diapause	-1.875	-0.011588381
321	P_c-a_W	male	138.2	0.472513089	153	14.8	0.107091172	Alive	1	20	Diapause	-2.395	-0.015653595
322	P_c-a_W	male	134.4	0.422774869	163.1	28.7	0.213541667	Alive	1	20	Diapause	-2.015	-0.012354384
402	A_urticae	male	166.7	0.958333333	190.9	24.2	0.145170966	Alive	1	20	Diapause	-0.265	-0.001388161
404	A_urticae	male	162	0.849537037	142.4	-19.6	-0.120987654	Dead	0	20	Diapause	-0.245	-0.001720506
405	A_urticae	male	153.6	0.655092593	178.5	24.9	0.162109375	Alive	1	20	Diapause	-0.28	-0.001568627
407	A_urticae	female	157.6	0.747685185	210.2	52.6	0.333756345	Alive	1	20	Diapause	-0.215	-0.001022835
409	A_urticae	male	159.3	0.787037037	138.6	-20.7	-0.129943503	Dead	0	20	Diapause	-0.305	-0.002200577
411	A_urticae	female	149.4	0.55787037	194.8	45.4	0.303882195	Dead	0	20	Diapause	-0.355	-0.001822382
412	A_urticae	female	134.5	0.212962963	156.8	22.3	0.165799257	Alive	1	20	Diapause	-0.24	-0.001530612
413	A_urticae	female	168.5	1	228.8	60.3	0.357863501	Alive	1	20	Diapause	-0.085	-0.000371503
414	A_urticae	female	158.1	0.759259259	192.4	34.3	0.216951297	Alive	1	20	Diapause	-0.215	-0.001117464
415	A_urticae	female	158	0.756944444	132.5	-25.5	-0.161392405	Alive	1	20	Diapause	-0.255	-0.001924528
416	A_urticae	female	156.7	0.726851852	144.3	-12.4	-0.0791321	Alive	1	20	Diapause	-0.115	-0.000796951
417	A_urticae	female	163.6	0.886574074	154.2	-9.4	-0.057457213	Alive	1	20	Diapause	-0.06	-0.000389105
419	A_urticae	female	149.8	0.56712963	159.3	9.5	0.063417891	Dead	0	20	Diapause	-0.225	-0.001412429
420	A_urticae	male	153.5	0.652777778	178	24.5	0.159609121	Alive	1	20	Diapause	-0.09	-0.000505618
421	A_urticae	male	136.6	0.261574074	151.6	15	0.109809663	Alive	1	20	Diapause	-0.145	-0.000956464
423	A_urticae	male	139.7	0.333333333	157	17.3	0.123836793	Alive	1	20	Diapause	-0.3	-0.001910828
424	A_urticae	male	158.5	0.768518519	159.6	1.1	0.006940063	Alive	1	20	Diapause	-0.335	-0.002098997
425	A_urticae	male	132.7	0.171296296	146.1	13.4	0.100979653	Alive	1	20	Diapause	-0.215	-0.001471595
426	A_urticae	female	144.6	0.446759259	211.4	66.8	0.461964039	Alive	1	20	Diapause	-0.195	-0.000922422
427	A_urticae	male	129.4	0.094907407	163.6	34.2	0.264296754	Alive	1	20	Diapause	-0.23	-0.001405868
428	A_urticae	male	145	0.456018519	120.8	-24.2	-0.166896552	Dead	0	12	Diapause	-1.241666667	-0.010278698
429	A_urticae	female	132.3	0.162037037	207.2	74.9	0.566137566	Alive	1	20	Diapause	-0.265	-0.001278958
430	A_urticae	male	125.3	0	122.1	-3.2	-0.025538707	Dead	0	13	Diapause	-1.184615385	-0.00970201
432	A_urticae	female	163.9	0.893518519	204.5	40.6	0.24771202	Alive	1	20	Diapause	-0.195	-0.000953545
433	A_urticae	female	152.8	0.636574074	193.4	40.6	0.265706806	Dead	0	20	Diapause	-0.435	-0.002249224
434	A_urticae	female	132.8	0.173611111	186.2	53.4	0.402108434	Alive	1	20	Diapause	-0.345	-0.001852846
435	A_urticae	female	144.7	0.449074074	202.1	57.4	0.396682792	Alive	1	20	Diapause	-1.665	-0.008238496
436	A_urticae	female	135.3	0.231481481	135.8	0.5	0.003695492	Dead	0	20	Diapause	-0.16	-0.001178203
437	A_urticae	male	153.2	0.645833333	141.6	-11.6	-0.075718016	Dead	0	20	Diapause	-0.135	-0.00095339
438	A_urticae	female	143.3	0.416666667	195.6	52.3	0.364968597	Alive	1	20	Diapause	-0.285	-0.001457055
439	A_urticae	male	133.7	0.194444444	102.9	-30.8	-0.230366492	Dead	0	4	Diapause	-1.575	-0.015306122
440	A_urticae	male	140.8	0.358796296	183.2	42.4	0.301136364	Alive	1	20	Diapause	-0.24	-0.001310044
441	A_urticae	female	137.5	0.282407407	174.9	37.4	0.272	Dead	0	20	Diapause	-0.5	-0.002858776
443	A_urticae	female	157.5	0.74537037	227.1	69.6	0.441904762	Alive	1	20	Diapause	-0.245	-0.00107882
444	A_urticae	male	140.1	0.342592593	184.1	44	0.314061385	Alive	1	20	Diapause	-0.24	-0.001303639
446	A_urticae	male	126	0.016203704	115.6	-10.4	-0.082539683	Dead	0	20	Diapause	-0.44	-0.003806228
447	A_urticae	female	130.4	0.118055556	173	42.6	0.326687117	Alive	1	20	Diapause	-0.29	-0.001676301
448	A_urticae	male	152.2	0.622685185	218.6	66.4	0.436268068	Alive	1	20	Diapause	-0.17	-0.000777676
450	A_urticae	male	141.3	0.37037037	190.5	49.2	0.348195329	Alive	1	20	Diapause	-0.285	-0.001496063
451	A_urticae	male	133.6	0.19212963	206.3	72.7	0.544161677	Alive	1	20	Diapause	-0.355	-0.001720795
453	A_urticae	male	135.3	0.231481481	171.4	36.1	0.266814486	Alive	1	20	Diapause	-0.275	-0.001604434
456	A_urticae	male	129	0.085648148	200	71	0.550387597	Alive	1	20	Diapause	-0.38	-0.0019
501	A_io	male	204.1	0.387743076	138.1	-66	-0.323370897	Dead	0	6	Diapause	-5.3	-0.038377987
502	A_io	female	210.9	0.427813789	336.7	125.8	0.596491228	Alive	1	20	Diapause	-1.855	-0.005509356
503	A_io	male	218.1	0.470241603	193.5	-24.6	-0.112792297	Dead	0	17	Diapause	-4.188235294	-0.021644627
504	A_io	female	213.4	0.442545669	303.4	90	0.421743205	Alive	1	20	Diapause	-2.01	-0.006624918
505	A_io	male	238	0.587507366	134.7	-103.3	-0.434033613	Dead	0	7	Diapause	-5.114285714	-0.037967971
507	A_io	male	194.3	0.329994107	183.9	-10.4	-0.053525476	Dead	0	16	Diapause	-4.775	-0.025965198
508	A_io	female	218.5	0.472598704	218.6	0.1	0.000457666	Dead	0	20	Diapause	-3.135	-0.014341263
509	A_io	female	192.9	0.321744255	251.3	58.4	0.302747538	Alive	1	20	Diapause	-1.91	-0.007600478
510	A_io	female	230.5	0.543311727	284.8	54.3	0.235574837	Alive	1	20	Diapause	-3.4	-0.011938202
511	A_io	female	237.3	0.58338244	322.8	85.5	0.360303413	Alive	1	20	Diapause	-2.56	-0.007930607
512	A_io	female	274	0.799646435	376.9	102.9	0.375547445	Dead	0	20	Diapause	-3.13	-0.00830459
513	A_io	male	190.6	0.308190925	149.5	-41.1	-0.215634837	Dead	0	10	Diapause	-4.34	-0.0290301
515	A_io	female	258	0.705362404	364.9	106.9	0.414341085	Alive	1	20	Diapause	-2.76	-0.007563716
517	A_io	male	210.8	0.427224514	179.2	-31.6	-0.149905123	Dead	0	15	Diapause	-4.6	-0.025669643
518	A_io	female	230	0.540365351	196.9	-33.1	-0.143913043	Dead	0	20	Diapause	-3.095	-0.015718639
519	A_io	male	237.5	0.58456099	270.1	32.6	0.137263158	Alive	1	20	Diapause	-3.245	-0.012014069
520	A_io	female	187.9	0.292280495	262.8	74.9	0.398616285	Alive	1	20	Diapause	-4.255	-0.01619102
521	A_io	female	308	1	324.2	16.2	0.052597403	Alive	1	20	Diapause	-2.02	-0.006230722
522	A_io	female	282.3	0.848556276	320.8	38.5	0.136379738	Alive	1	20	Diapause	-1.15	-0.003584788
524	A_io	male	196.3	0.341779611	221.7	25.4	0.129393785	Dead	0	20	Diapause	-5.475	-0.024695535
525	A_io	female	298.4	0.943429582	302.9	4.5	0.015080429	Dead	0	20	Diapause	-4.67	-0.01541763
527	A_io	female	260	0.717147908	358.2	98.2	0.377692308	Alive	1	20	Diapause	-1.675	-0.004676159
528	A_io	female	156.9	0.109605186	231.1	74.2	0.472912683	Alive	1	20	Diapause	-2.165	-0.009368239
529	A_io	female	196.8	0.344725987	307.6	110.8	0.56300813	Alive	1	20	Diapause	-1.88	-0.006111834
530	A_io	male	182.4	0.259870359	264.2	81.8	0.448464912	Alive	1	20	Diapause	-1.7	-0.006434519
531	A_io	female	229.7	0.538597525	325.3	95.6	0.416195037	Alive	1	20	Diapause	-2.77	-0.008515217
532	A_io	female	218.8	0.474366529	304.3	85.5	0.390767824	Dead	0	20	Diapause	-3.95	-0.012980611
533	A_io	male	197.7	0.350029464	262	64.3	0.325240263	Alive	1	20	Diapause	-2.74	-0.010458015
538	A_io	female	245.1	0.629345905	334.7	89.6	0.365565075	Alive	1	20	Diapause	-1.83	-0.005467583
540	A_io	female	182.7	0.261638185	274.2	91.5	0.500821018	Alive	1	20	Diapause	-1.15	-0.004194019
561	A_io	male	164.9	0.156747201	161.7	-3.2	-0.0194057	Dead	0	20	Diapause	-3.555	-0.021985158
562	A_io	female	204.3	0.388921626	260.1	55.8	0.273127753	Alive	1	20	Diapause	-1.69	-0.006497501
563	A_io	male	138.3	0	186.9	48.6	0.351409978	Alive	1	20	Diapause	-1.825	-0.00976458
564	A_io	male	171.2	0.193871538	183.4	12.2	0.071261682	Alive	1	20	Diapause	-2.97	-0.016194111
565	A_io	female	208.5	0.413671184	254.9	46.4	0.222541966	Alive	1	20	Diapause	-2.685	-0.010533543
567	A_io	female	212.6	0.437831467	277.1	64.5	0.303386642	Alive	1	20	Diapause	-2.555	-0.009220498
568	A_io	female	191.9	0.315851503	200.7	8.8	0.045857217	Alive	1	20	Diapause	-2.55	-0.012705531
569	A_io	male	139.4	0.006482027	199.8	60.4	0.433285509	Alive	1	20	Diapause	-1.585	-0.007932933
570	A_io	male	159.8	0.126694166	222.6	62.8	0.392991239	Alive	1	20	Diapause	-2.545	-0.011433064
