ButterflyID	Species	Sex	EcloseMass	10DayMass	MassChange10days	PropMassChange	WinterDestiny	Survival	StdEcloseMass	AbsoluteMassChangeStd	MassChangeStd	Winter_mass_day	Mass_20_day_or_death	Daily_Mass_Loss	Prop_Mass_Loss	Strategy
301	P_c-a_W	female	171.9	217.9	46	0.26759744	Alive	1	0.913612565	0.820945946	-0.092666619	20	181.6	-1.815	-0.008329509	Diapause
302	P_c-a_W	female	167.2	215.6	48.4	0.289473684	Alive	1	0.852094241	0.795045045	-0.057049196	20	168.8	-2.34	-0.010853432	Diapause
303	P_c-a_W	female	148	177.3	29.3	0.197972973	Dead	0	0.60078534	0.363738739	-0.237046602	20	104.2	-3.655	-0.020614777	Diapause
304	P_c-a_W	female	138.1	203	64.9	0.469949312	Alive	1	0.471204188	0.653153153	0.181948965	20	166.2	-1.84	-0.009064039	Diapause
305	P_c-a_W	male	144.5	197.6	53.1	0.367474048	Alive	1	0.554973822	0.592342342	0.03736852	20	162.4	-1.76	-0.008906883	Diapause
306	P_c-a_W	female	151.4	223	71.6	0.472919419	Alive	1	0.645287958	0.878378378	0.23309042	20	179.7	-2.165	-0.00970852	Diapause
307	P_c-a_W	female	125.6	166.8	41.2	0.328025478	Alive	1	0.307591623	0.245495495	-0.062096128	20	131.3	-1.775	-0.010641487	Diapause
308	P_c-a_W	female	134.1	145	10.9	0.081282625	Alive	1	0.418848168	0	-0.418848168	20	113.4	-1.58	-0.010896552	Diapause
309	P_c-a_W	female	122	146.3	24.3	0.199180328	Dead	0	0.260471204	0.01463964	-0.245831565	20	86.5	-2.99	-0.020437457	Diapause
310	P_c-a_W	female	142.5	233.8	91.3	0.640701754	Alive	1	0.528795812	1	0.471204188	20	172.4	-3.07	-0.013130881	Diapause
311	P_c-a_W	male	159.1	160.2	1.1	0.006913891	Dead	0	0.746073298	0.171171171	-0.574902127	13	91	-5.323076923	-0.033227696	Diapause
312	P_c-a_W	female	102.1	157.1	55	0.538687561	Alive	1	0	0.136261261	0.136261261	20	113.6	-2.175	-0.013844685	Diapause
313	P_c-a_W	male	178.5	221	42.5	0.238095238	Alive	1	1	0.855855856	-0.144144144	20	180.6	-2.02	-0.009140271	Diapause
314	P_c-a_W	female	172.3	193.4	21.1	0.122460824	Alive	1	0.918848168	0.545045045	-0.373803122	20	146.5	-2.345	-0.012125129	Diapause
315	P_c-a_W	male	160.4	163.2	2.8	0.017456359	Dead	0	0.763089005	0.204954955	-0.55813405	13	92.3	-5.453846154	-0.033418175	Diapause
316	P_c-a_W	male	144.4	163.6	19.2	0.132963989	Alive	1	0.553664921	0.209459459	-0.344205462	20	99.4	-3.21	-0.019621027	Diapause
317	P_c-a_W	female	136.3	212.9	76.6	0.561995598	Alive	1	0.447643979	0.76463964	0.316995661	20	155	-2.895	-0.013597933	Diapause
318	P_c-a_W	male	173.6	210.5	36.9	0.212557604	Alive	1	0.935863874	0.737612613	-0.198251262	20	160.2	-2.515	-0.011947743	Diapause
319	P_c-a_W	female	151.9	227.4	75.5	0.497037525	Alive	1	0.651832461	0.927927928	0.276095467	20	164.5	-3.145	-0.013830255	Diapause
320	P_c-a_W	male	146.5	161.8	15.3	0.10443686	Alive	1	0.581151832	0.189189189	-0.391962643	20	124.3	-1.875	-0.011588381	Diapause
321	P_c-a_W	male	138.2	153	14.8	0.107091172	Alive	1	0.472513089	0.09009009	-0.382422999	20	105.1	-2.395	-0.015653595	Diapause
322	P_c-a_W	male	134.4	163.1	28.7	0.213541667	Alive	1	0.422774869	0.203828829	-0.21894604	20	122.8	-2.015	-0.012354384	Diapause
402	A_urticae	male	166.7	190.9	24.2	0.145170966	Alive	1	0.958333333	0.698967434	-0.259365899	20	185.6	-0.265	-0.001388161	Diapause
404	A_urticae	male	162	142.4	-19.6	-0.120987654	Dead	0	0.849537037	0.313741064	-0.535795973	20	137.5	-0.245	-0.001720506	Diapause
405	A_urticae	male	153.6	178.5	24.9	0.162109375	Alive	1	0.655092593	0.600476569	-0.054616024	20	172.9	-0.28	-0.001568627	Diapause
407	A_urticae	female	157.6	210.2	52.6	0.333756345	Alive	1	0.747685185	0.852263701	0.104578516	20	205.9	-0.215	-0.001022835	Diapause
409	A_urticae	male	159.3	138.6	-20.7	-0.129943503	Dead	0	0.787037037	0.28355838	-0.503478657	20	132.5	-0.305	-0.002200577	Diapause
411	A_urticae	female	149.4	194.8	45.4	0.303882195	Dead	0	0.55787037	0.7299444	0.17207403	20	187.7	-0.355	-0.001822382	Diapause
412	A_urticae	female	134.5	156.8	22.3	0.165799257	Alive	1	0.212962963	0.428117554	0.215154591	20	152	-0.24	-0.001530612	Diapause
413	A_urticae	female	168.5	228.8	60.3	0.357863501	Alive	1	1	1	0	20	227.1	-0.085	-0.000371503	Diapause
414	A_urticae	female	158.1	192.4	34.3	0.216951297	Alive	1	0.759259259	0.710881652	-0.048377607	20	188.1	-0.215	-0.001117464	Diapause
415	A_urticae	female	158	132.5	-25.5	-0.161392405	Alive	1	0.756944444	0.235107228	-0.521837216	20	127.4	-0.255	-0.001924528	Diapause
416	A_urticae	female	156.7	144.3	-12.4	-0.0791321	Alive	1	0.726851852	0.328832407	-0.398019445	20	142	-0.115	-0.000796951	Diapause
417	A_urticae	female	163.6	154.2	-9.4	-0.057457213	Alive	1	0.886574074	0.407466243	-0.479107831	20	153	-0.06	-0.000389105	Diapause
419	A_urticae	female	149.8	159.3	9.5	0.063417891	Dead	0	0.56712963	0.447974583	-0.119155047	20	154.8	-0.225	-0.001412429	Diapause
420	A_urticae	male	153.5	178	24.5	0.159609121	Alive	1	0.652777778	0.596505163	-0.056272615	20	176.2	-0.09	-0.000505618	Diapause
421	A_urticae	male	136.6	151.6	15	0.109809663	Alive	1	0.261574074	0.386814932	0.125240858	20	148.7	-0.145	-0.000956464	Diapause
423	A_urticae	male	139.7	157	17.3	0.123836793	Alive	1	0.333333333	0.429706116	0.096372783	20	151	-0.3	-0.001910828	Diapause
424	A_urticae	male	158.5	159.6	1.1	0.006940063	Alive	1	0.768518519	0.450357427	-0.318161092	20	152.9	-0.335	-0.002098997	Diapause
425	A_urticae	male	132.7	146.1	13.4	0.100979653	Alive	1	0.171296296	0.343129468	0.171833172	20	141.8	-0.215	-0.001471595	Diapause
426	A_urticae	female	144.6	211.4	66.8	0.461964039	Alive	1	0.446759259	0.861795075	0.415035816	20	207.5	-0.195	-0.000922422	Diapause
427	A_urticae	male	129.4	163.6	34.2	0.264296754	Alive	1	0.094907407	0.482128674	0.387221266	20	159	-0.23	-0.001405868	Diapause
428	A_urticae	male	145	120.8	-24.2	-0.166896552	Dead	0	0.456018519	0.14217633	-0.313842188	12	105.9	-1.241666667	-0.010278698	Diapause
429	A_urticae	female	132.3	207.2	74.9	0.566137566	Alive	1	0.162037037	0.828435266	0.666398229	20	201.9	-0.265	-0.001278958	Diapause
430	A_urticae	male	125.3	122.1	-3.2	-0.025538707	Dead	0	0	0.152501986	0.152501986	13	106.7	-1.184615385	-0.00970201	Diapause
432	A_urticae	female	163.9	204.5	40.6	0.24771202	Alive	1	0.893518519	0.806989674	-0.086528844	20	200.6	-0.195	-0.000953545	Diapause
433	A_urticae	female	152.8	193.4	40.6	0.265706806	Dead	0	0.636574074	0.718824464	0.08225039	20	184.7	-0.435	-0.002249224	Diapause
434	A_urticae	female	132.8	186.2	53.4	0.402108434	Alive	1	0.173611111	0.661636219	0.488025108	20	179.3	-0.345	-0.001852846	Diapause
435	A_urticae	female	144.7	202.1	57.4	0.396682792	Alive	1	0.449074074	0.787926926	0.338852852	20	168.8	-1.665	-0.008238496	Diapause
436	A_urticae	female	135.3	135.8	0.5	0.003695492	Dead	0	0.231481481	0.261318507	0.029837025	20	132.6	-0.16	-0.001178203	Diapause
437	A_urticae	male	153.2	141.6	-11.6	-0.075718016	Dead	0	0.645833333	0.307386815	-0.338446518	20	138.9	-0.135	-0.00095339	Diapause
438	A_urticae	female	143.3	195.6	52.3	0.364968597	Alive	1	0.416666667	0.73629865	0.319631983	20	189.9	-0.285	-0.001457055	Diapause
439	A_urticae	male	133.7	102.9	-30.8	-0.230366492	Dead	0	0.194444444	0	-0.194444444	4	96.6	-1.575	-0.015306122	Diapause
440	A_urticae	male	140.8	183.2	42.4	0.301136364	Alive	1	0.358796296	0.637807784	0.279011488	20	178.4	-0.24	-0.001310044	Diapause
441	A_urticae	female	137.5	174.9	37.4	0.272	Dead	0	0.282407407	0.571882446	0.289475039	20	164.9	-0.5	-0.002858776	Diapause
443	A_urticae	female	157.5	227.1	69.6	0.441904762	Alive	1	0.74537037	0.98649722	0.24112685	20	222.2	-0.245	-0.00107882	Diapause
444	A_urticae	male	140.1	184.1	44	0.314061385	Alive	1	0.342592593	0.644956315	0.302363722	20	179.3	-0.24	-0.001303639	Diapause
446	A_urticae	male	126	115.6	-10.4	-0.082539683	Dead	0	0.016203704	0.100873709	0.084670006	20	106.8	-0.44	-0.003806228	Diapause
447	A_urticae	female	130.4	173	42.6	0.326687117	Alive	1	0.118055556	0.556791104	0.438735548	20	167.2	-0.29	-0.001676301	Diapause
448	A_urticae	male	152.2	218.6	66.4	0.436268068	Alive	1	0.622685185	0.91898332	0.296298135	20	215.2	-0.17	-0.000777676	Diapause
450	A_urticae	male	141.3	190.5	49.2	0.348195329	Alive	1	0.37037037	0.69579031	0.325419939	20	184.8	-0.285	-0.001496063	Diapause
451	A_urticae	male	133.6	206.3	72.7	0.544161677	Alive	1	0.19212963	0.821286736	0.629157106	20	199.2	-0.355	-0.001720795	Diapause
453	A_urticae	male	135.3	171.4	36.1	0.266814486	Alive	1	0.231481481	0.544082605	0.312601124	20	165.9	-0.275	-0.001604434	Diapause
456	A_urticae	male	129	200	71	0.550387597	Alive	1	0.085648148	0.771247021	0.685598873	20	192.4	-0.38	-0.0019	Diapause
501	A_io	male	204.1	138.1	-66	-0.323370897	Dead	0	0.387743076	0.014037985	-0.373705091	6	106.3	-5.3	-0.038377987	Diapause
502	A_io	female	210.9	336.7	125.8	0.596491228	Alive	1	0.427813789	0.83402147	0.406207681	20	299.6	-1.855	-0.005509356	Diapause
503	A_io	male	218.1	193.5	-24.6	-0.112792297	Dead	0	0.470241603	0.242774566	-0.227467036	17	122.3	-4.188235294	-0.021644627	Diapause
504	A_io	female	213.4	303.4	90	0.421743205	Alive	1	0.442545669	0.696531792	0.253986123	20	263.2	-2.01	-0.006624918	Diapause
505	A_io	male	238	134.7	-103.3	-0.434033613	Dead	0	0.587507366	0	-0.587507366	7	98.9	-5.114285714	-0.037967971	Diapause
507	A_io	male	194.3	183.9	-10.4	-0.053525476	Dead	0	0.329994107	0.203137903	-0.126856205	16	107.5	-4.775	-0.025965198	Diapause
508	A_io	female	218.5	218.6	0.1	0.000457666	Dead	0	0.472598704	0.346407927	-0.126190776	20	155.9	-3.135	-0.014341263	Diapause
509	A_io	female	192.9	251.3	58.4	0.302747538	Alive	1	0.321744255	0.481420314	0.159676059	20	213.1	-1.91	-0.007600478	Diapause
510	A_io	female	230.5	284.8	54.3	0.235574837	Alive	1	0.543311727	0.619735756	0.076424029	20	216.8	-3.4	-0.011938202	Diapause
511	A_io	female	237.3	322.8	85.5	0.360303413	Alive	1	0.58338244	0.776630884	0.193248444	20	271.6	-2.56	-0.007930607	Diapause
512	A_io	female	274	376.9	102.9	0.375547445	Dead	0	0.799646435	1	0.200353565	20	314.3	-3.13	-0.00830459	Diapause
513	A_io	male	190.6	149.5	-41.1	-0.215634837	Dead	0	0.308190925	0.061106524	-0.247084402	10	106.1	-4.34	-0.0290301	Diapause
515	A_io	female	258	364.9	106.9	0.414341085	Alive	1	0.705362404	0.95045417	0.245091766	20	309.7	-2.76	-0.007563716	Diapause
517	A_io	male	210.8	179.2	-31.6	-0.149905123	Dead	0	0.427224514	0.183732453	-0.243492061	15	110.2	-4.6	-0.025669643	Diapause
518	A_io	female	230	196.9	-33.1	-0.143913043	Dead	0	0.540365351	0.256812552	-0.283552799	20	135	-3.095	-0.015718639	Diapause
519	A_io	male	237.5	270.1	32.6	0.137263158	Alive	1	0.58456099	0.559042114	-0.025518876	20	205.2	-3.245	-0.012014069	Diapause
520	A_io	female	187.9	262.8	74.9	0.398616285	Alive	1	0.292280495	0.528901734	0.236621239	20	177.7	-4.255	-0.01619102	Diapause
521	A_io	female	308	324.2	16.2	0.052597403	Alive	1	1	0.78241123	-0.21758877	20	283.8	-2.02	-0.006230722	Diapause
522	A_io	female	282.3	320.8	38.5	0.136379738	Alive	1	0.848556276	0.768373245	-0.080183031	20	297.8	-1.15	-0.003584788	Diapause
524	A_io	male	196.3	221.7	25.4	0.129393785	Dead	0	0.341779611	0.359207267	0.017427656	20	112.2	-5.475	-0.024695535	Diapause
525	A_io	female	298.4	302.9	4.5	0.015080429	Dead	0	0.943429582	0.694467382	-0.248962199	20	209.5	-4.67	-0.01541763	Diapause
527	A_io	female	260	358.2	98.2	0.377692308	Alive	1	0.717147908	0.922791082	0.205643174	20	324.7	-1.675	-0.004676159	Diapause
528	A_io	female	156.9	231.1	74.2	0.472912683	Alive	1	0.109605186	0.398018167	0.288412981	20	187.8	-2.165	-0.009368239	Diapause
529	A_io	female	196.8	307.6	110.8	0.56300813	Alive	1	0.344725987	0.713872832	0.369146845	20	270	-1.88	-0.006111834	Diapause
530	A_io	male	182.4	264.2	81.8	0.448464912	Alive	1	0.259870359	0.534682081	0.274811721	20	230.2	-1.7	-0.006434519	Diapause
531	A_io	female	229.7	325.3	95.6	0.416195037	Alive	1	0.538597525	0.786952931	0.248355406	20	269.9	-2.77	-0.008515217	Diapause
532	A_io	female	218.8	304.3	85.5	0.390767824	Dead	0	0.474366529	0.700247729	0.2258812	20	225.3	-3.95	-0.012980611	Diapause
533	A_io	male	197.7	262	64.3	0.325240263	Alive	1	0.350029464	0.525598679	0.175569215	20	207.2	-2.74	-0.010458015	Diapause
538	A_io	female	245.1	334.7	89.6	0.365565075	Alive	1	0.629345905	0.825763832	0.196417927	20	298.1	-1.83	-0.005467583	Diapause
540	A_io	female	182.7	274.2	91.5	0.500821018	Alive	1	0.261638185	0.575970273	0.314332087	20	251.2	-1.15	-0.004194019	Diapause
561	A_io	male	164.9	161.7	-3.2	-0.0194057	Dead	0	0.156747201	0.111478117	-0.045269084	20	90.6	-3.555	-0.021985158	Diapause
562	A_io	female	204.3	260.1	55.8	0.273127753	Alive	1	0.388921626	0.517753922	0.128832296	20	226.3	-1.69	-0.006497501	Diapause
563	A_io	male	138.3	186.9	48.6	0.351409978	Alive	1	0	0.21552436	0.21552436	20	150.4	-1.825	-0.00976458	Diapause
564	A_io	male	171.2	183.4	12.2	0.071261682	Alive	1	0.193871538	0.201073493	0.007201955	20	124	-2.97	-0.016194111	Diapause
565	A_io	female	208.5	254.9	46.4	0.222541966	Alive	1	0.413671184	0.496284063	0.082612878	20	201.2	-2.685	-0.010533543	Diapause
567	A_io	female	212.6	277.1	64.5	0.303386642	Alive	1	0.437831467	0.587943848	0.150112381	20	226	-2.555	-0.009220498	Diapause
568	A_io	female	191.9	200.7	8.8	0.045857217	Alive	1	0.315851503	0.272502064	-0.043349438	20	149.7	-2.55	-0.012705531	Diapause
569	A_io	male	139.4	199.8	60.4	0.433285509	Alive	1	0.006482027	0.268786127	0.2623041	20	168.1	-1.585	-0.007932933	Diapause
570	A_io	male	159.8	222.6	62.8	0.392991239	Alive	1	0.126694166	0.362923204	0.236229038	20	171.7	-2.545	-0.011433064	Diapause
